State/UT,Year,Rape,Kidnapping & Abduction,Dowry Deaths,Assault on women with intent to outrage her modesty ,Insult to modesty of women,Cruelty by Husband or his Relatives,Importation of Girls from foreign country,Immoral Traffic (P) Act,Dowry Prohibition Act,Indecent Representation of Women(P) Act,Commission of Sati Prevention Act,Total Crimes Against Women
Andhra Pradesh,2001,871,765,420,3544,2271,5791,7,1332,551,925,0,16477
Arunachal Pradesh,2001,33,55,0,78,3,11,0,0,0,0,0,180
Assam,2001,817,1070,59,850,4,1248,0,6,179,10,0,4243
Bihar,2001,888,518,859,562,21,1558,83,29,835,3,0,5356
Chhattisgarh,2001,959,171,70,1763,161,840,0,12,13,0,0,3989
Goa,2001,12,6,2,17,7,11,0,28,0,0,0,83
Gujarat,2001,286,857,67,756,111,3667,0,61,0,0,0,5805
Haryana,2001,398,297,285,478,401,1513,0,21,0,0,0,3393
Himachal Pradesh,2001,124,105,10,310,14,317,0,1,9,0,0,890
Jammu & Kashmir,2001,169,504,13,622,288,50,0,7,3,0,0,1656
Jharkhand,2001,567,279,217,297,5,484,2,3,375,0,0,2229
Karnataka,2001,293,271,220,1665,81,1755,0,1356,361,0,0,6002
Kerala,2001,562,97,27,1942,81,2561,0,132,6,42,0,5450
Madhya Pradesh,2001,2851,668,609,7063,751,2562,0,15,30,0,0,14549
Maharashtra,2001,1302,611,308,2823,1120,6090,1,233,27,9,0,12524
Manipur,2001,20,62,0,21,0,5,0,4,0,0,0,112
Meghalaya,2001,26,11,0,25,0,4,0,0,0,0,0,66
Mizoram,2001,52,1,0,52,0,16,3,2,0,0,0,126
Nagaland,2001,17,6,0,6,0,0,0,1,0,0,0,30
Odisha,2001,790,434,294,1655,458,1266,0,24,436,0,0,5357
Punjab,2001,298,324,159,372,47,1128,0,32,0,1,0,2361
Rajasthan,2001,1049,2165,376,2878,56,5532,1,68,4,46,0,12175
Sikkim,2001,8,2,0,0,14,0,0,0,0,0,0,24
Tamil Nadu,2001,423,607,191,1773,1012,815,14,5232,33,11,0,10111
Tripura,2001,102,35,16,58,0,227,0,0,0,0,0,438
Uttar Pradesh,2001,1958,2879,2211,2870,2575,7365,0,26,340,3,0,20227
Uttarakhand,2001,74,126,56,103,84,301,0,0,5,0,0,749
West Bengal,2001,709,695,265,954,48,3859,3,31,6,0,0,6570
A & N Islands,2001,3,2,0,19,1,9,0,0,0,0,0,34
Chandigarh,2001,18,50,3,24,15,36,0,3,0,1,0,150
D&N Haveli,2001,6,2,0,7,0,4,0,0,0,0,0,19
Daman & Diu,2001,0,3,0,0,0,4,0,3,0,0,0,10
Delhi UT,2001,381,964,113,502,90,138,0,95,7,1,0,2291
Lakshadweep,2001,0,0,0,0,0,0,0,0,0,0,0,0
Puducherry,2001,9,3,1,35,27,3,0,39,2,0,0,119
Andhra Pradesh,2002,1002,854,449,3799,2024,7018,0,871,460,2403,0,18880
Arunachal Pradesh,2002,38,38,0,68,2,13,0,0,0,0,0,159
Assam,2002,970,1276,70,984,7,1694,0,24,64,3,0,5092
Bihar,2002,1040,744,927,621,6,1577,38,10,779,1,0,5743
Chhattisgarh,2002,992,154,85,1483,147,653,0,12,12,0,0,3538
Goa,2002,12,5,2,18,6,8,0,25,0,0,0,76
Gujarat,2002,267,807,62,750,104,3321,0,57,1,4,0,5373
Haryana,2002,361,290,256,454,1424,1565,0,32,3,0,0,4385
Himachal Pradesh,2002,137,116,6,326,12,234,0,2,5,0,0,838
Jammu & Kashmir,2002,192,596,18,785,368,54,0,3,0,0,0,2016
Jharkhand,2002,797,178,275,411,3,588,36,3,199,0,0,2490
Karnataka,2002,292,300,233,1648,100,1826,0,1388,383,0,0,6170
Kerala,2002,499,91,17,2123,102,2836,0,132,3,26,0,5829
Madhya Pradesh,2002,2891,639,674,7118,783,3117,0,14,24,0,0,15260
Maharashtra,2002,1352,650,303,2686,769,5353,0,182,23,4,0,11322
Manipur,2002,14,82,0,58,0,10,0,6,0,0,0,170
Meghalaya,2002,38,10,0,23,0,0,0,0,0,0,0,71
Mizoram,2002,76,2,0,73,0,3,0,0,0,0,0,154
Nagaland,2002,17,4,0,1,0,0,0,4,0,0,0,26
Odisha,2002,691,432,248,1605,188,1167,0,24,424,0,0,4779
Punjab,2002,299,354,166,341,145,944,0,38,0,8,0,2295
Rajasthan,2002,1051,2019,399,2730,44,5691,0,55,6,54,0,12049
Sikkim,2002,6,2,0,17,0,3,0,0,0,0,0,28
Tamil Nadu,2002,534,714,243,1877,1718,1052,0,3530,125,5,0,9798
Tripura,2002,108,48,16,128,0,236,0,0,0,0,0,536
Uttar Pradesh,2002,1415,2298,1893,2145,1887,5679,0,42,288,0,0,15647
Uttarakhand,2002,89,155,66,145,97,316,1,0,1,0,0,870
West Bengal,2002,759,694,273,964,34,4069,1,42,6,0,0,6842
A & N Islands,2002,2,1,0,17,3,4,0,0,0,0,0,27
Chandigarh,2002,18,47,1,36,28,56,0,3,0,0,0,189
D&N Haveli,2002,4,5,0,3,0,3,0,0,0,0,0,15
Daman & Diu,2002,0,2,0,0,0,3,0,3,0,0,0,8
Delhi UT,2002,403,893,135,446,128,135,0,69,7,0,0,2216
Lakshadweep,2002,1,0,0,1,0,0,0,0,0,0,0,2
Puducherry,2002,6,6,5,59,26,9,0,27,3,0,0,141
Andhra Pradesh,2003,946,931,466,4128,2286,8167,5,349,195,909,0,18382
Arunachal Pradesh,2003,31,51,0,43,0,14,0,0,0,0,0,139
Assam,2003,1095,1351,60,878,6,1808,0,22,92,0,0,5312
Bihar,2003,985,674,909,688,11,1880,37,9,706,1,0,5900
Chhattisgarh,2003,898,149,79,1481,105,601,0,7,16,0,0,3336
Goa,2003,31,13,2,19,7,24,0,25,0,0,0,121
Gujarat,2003,236,859,54,722,92,3684,0,74,0,14,0,5735
Haryana,2003,353,271,222,344,1302,1618,0,57,3,0,0,4170
Himachal Pradesh,2003,126,96,6,250,18,221,0,5,7,0,0,729
Jammu & Kashmir,2003,211,615,10,875,376,71,0,2,4,0,0,2164
Jharkhand,2003,712,262,262,424,2,559,0,6,261,0,0,2488
Karnataka,2003,321,244,194,1585,84,1704,0,1361,341,0,0,5834
Kerala,2003,394,102,33,1947,68,2930,0,159,4,16,0,5653
Madhya Pradesh,2003,2738,608,648,6848,705,2938,0,33,29,0,0,14547
Maharashtra,2003,1268,626,368,2661,682,5452,0,179,29,8,0,11273
Manipur,2003,18,71,0,44,0,4,0,0,0,0,0,137
Meghalaya,2003,40,10,0,13,1,4,0,1,0,0,0,69
Mizoram,2003,54,2,0,88,0,3,0,0,0,0,0,147
Nagaland,2003,14,3,0,4,2,0,1,1,0,0,0,25
Odisha,2003,725,373,279,1669,188,1289,0,11,412,0,0,4946
Punjab,2003,380,295,110,346,199,987,0,54,3,1,0,2375
Rajasthan,2003,1050,1750,389,2715,33,5733,1,51,3,87,0,11812
Sikkim,2003,10,0,0,25,0,1,0,1,0,0,0,37
Tamil Nadu,2003,557,632,220,2022,881,1555,1,2839,175,6,0,8888
Tripura,2003,114,29,20,127,0,247,0,0,0,0,0,537
Uttar Pradesh,2003,911,1499,1322,1098,4970,2626,0,47,367,0,0,12840
Uttarakhand,2003,107,134,93,136,98,317,0,0,1,0,0,886
West Bengal,2003,1002,801,329,1186,71,4948,1,152,17,1,0,8508
A & N Islands,2003,2,2,0,9,2,7,0,0,0,0,0,22
Chandigarh,2003,18,28,1,11,4,93,0,4,0,0,0,159
D&N Haveli,2003,1,4,0,4,0,2,0,2,0,0,0,13
Daman & Diu,2003,5,1,1,3,0,0,0,0,0,0,0,10
Delhi UT,2003,490,797,130,489,105,1211,0,46,14,0,0,3282
Lakshadweep,2003,2,0,0,1,0,1,0,0,0,0,0,4
Puducherry,2003,2,13,1,56,27,4,0,13,5,0,0,121
Andhra Pradesh,2004,1016,1030,512,3817,2310,8388,2,405,339,1102,0,18921
Arunachal Pradesh,2004,42,41,0,61,0,4,0,0,0,0,0,148
Assam,2004,1171,1552,74,883,11,1945,0,28,36,0,0,5700
Bihar,2004,1390,997,1029,704,13,2679,35,24,1220,0,0,8091
Chhattisgarh,2004,969,174,71,1661,131,741,0,9,7,0,0,3763
Goa,2004,37,10,2,23,15,17,0,28,0,0,0,132
Gujarat,2004,339,905,58,757,164,3955,0,33,0,0,0,6211
Haryana,2004,386,292,251,403,850,2026,0,62,6,0,0,4276
Himachal Pradesh,2004,153,99,8,284,16,252,0,4,5,2,0,823
Jammu & Kashmir,2004,218,632,9,990,264,82,0,11,2,0,0,2208
Jharkhand,2004,797,178,275,411,3,588,36,3,199,0,0,2490
Karnataka,2004,291,286,259,1435,57,1588,0,1170,337,0,0,5423
Kerala,2004,480,142,31,2260,133,3222,0,168,2,45,0,6483
Madhya Pradesh,2004,2875,584,751,6690,804,3436,0,23,40,0,0,15203
Maharashtra,2004,1388,787,314,2831,862,5646,0,309,21,11,0,12169
Manipur,2004,31,71,0,30,0,2,0,0,0,0,0,134
Meghalaya,2004,54,18,2,34,0,5,0,0,0,0,0,113
Mizoram,2004,20,0,0,66,0,0,0,5,0,0,0,91
Nagaland,2004,18,4,0,3,1,0,0,4,0,0,0,30
Odisha,2004,770,423,319,1811,170,1192,0,22,532,0,0,5239
Punjab,2004,390,311,113,261,38,801,0,32,7,2,0,1955
Rajasthan,2004,1038,1881,379,2825,41,6781,1,79,13,89,0,13127
Sikkim,2004,3,4,0,40,0,1,0,1,0,0,0,49
Tamil Nadu,2004,618,692,225,1861,1081,1437,0,3022,294,102,0,9332
Tripura,2004,160,54,20,134,0,302,0,0,0,0,0,670
Uttar Pradesh,2004,1397,2324,1708,1900,2682,4950,3,44,477,0,0,15485
Uttarakhand,2004,115,127,82,143,110,405,0,4,2,0,0,988
West Bengal,2004,1475,1018,396,1566,64,6334,12,121,36,25,0,11047
A & N Islands,2004,10,3,0,6,3,5,0,0,0,0,0,27
Chandigarh,2004,19,43,6,20,18,73,0,9,0,0,0,188
D&N Haveli,2004,7,7,0,5,0,3,0,0,0,0,0,22
Daman & Diu,2004,1,0,0,1,0,4,0,1,0,0,0,7
Delhi UT,2004,551,881,126,601,130,1254,0,123,11,0,0,3677
Lakshadweep,2004,0,0,0,0,0,1,0,0,0,0,0,1
Puducherry,2004,4,8,6,50,30,2,0,4,6,0,0,110
Andhra Pradesh,2005,935,995,443,3595,2508,8696,3,681,306,2657,0,20819
Arunachal Pradesh,2005,35,39,0,67,0,9,0,0,0,0,0,150
Assam,2005,1238,1456,99,899,19,2206,3,25,82,0,0,6027
Bihar,2005,1147,929,1014,451,13,1574,74,28,789,0,0,6019
Chhattisgarh,2005,990,184,100,1450,132,732,0,6,5,0,0,3599
Goa,2005,20,12,2,30,8,11,0,38,0,0,0,121
Gujarat,2005,324,916,48,802,104,4090,0,59,0,0,0,6343
Haryana,2005,461,344,212,380,597,2075,0,85,7,0,0,4161
Himachal Pradesh,2005,141,102,2,286,29,228,0,4,1,0,0,793
Jammu & Kashmir,2005,201,658,5,830,371,76,0,3,0,0,0,2144
Jharkhand,2005,753,283,257,293,36,590,4,13,313,2,0,2544
Karnataka,2005,343,312,261,1585,71,1883,0,1241,361,0,0,6057
Kerala,2005,478,129,21,2339,175,3283,0,225,4,108,0,6762
Madhya Pradesh,2005,2921,604,739,6426,792,2989,3,19,36,0,0,14529
Maharashtra,2005,1545,851,341,3228,919,6233,0,222,23,8,0,13370
Manipur,2005,25,69,0,25,0,20,0,1,0,0,0,140
Meghalaya,2005,63,19,1,44,0,3,0,1,0,0,0,131
Mizoram,2005,37,0,4,49,4,0,0,1,0,0,0,95
Nagaland,2005,17,9,0,7,0,0,0,4,0,0,0,37
Odisha,2005,799,547,334,2238,184,1671,0,29,446,1,0,6249
Punjab,2005,398,329,99,308,43,729,0,58,5,0,0,1969
Rajasthan,2005,993,1549,361,2503,28,5997,0,115,1,109,1,11657
Sikkim,2005,18,2,0,38,0,4,0,0,0,0,0,62
Tamil Nadu,2005,571,783,215,1764,665,1650,0,2777,193,30,0,8648
Tripura,2005,162,43,34,161,1,439,0,0,0,0,0,840
Uttar Pradesh,2005,1217,2256,1564,1835,2881,4505,0,31,586,0,0,14875
Uttarakhand,2005,133,125,63,100,89,272,0,2,2,0,0,786
West Bengal,2005,1686,1039,446,1572,54,6936,61,74,18,1,0,11887
A & N Islands,2005,4,1,0,11,1,5,0,0,0,0,0,22
Chandigarh,2005,33,45,3,31,9,75,0,9,0,0,0,205
D&N Haveli,2005,5,9,0,5,0,5,0,0,0,0,0,24
Daman & Diu,2005,2,2,1,1,0,3,0,1,0,0,0,10
Delhi UT,2005,658,1106,114,762,225,1324,1,151,9,1,0,4351
Lakshadweep,2005,0,0,0,0,0,0,0,0,0,0,0,0
Puducherry,2005,6,3,4,60,26,6,0,5,17,0,0,127
Andhra Pradesh,2006,1049,1329,519,4534,2411,9164,0,657,474,1347,0,21484
Arunachal Pradesh,2006,37,51,1,63,2,14,0,0,0,0,0,168
Assam,2006,1244,1544,105,1290,10,2548,0,29,31,0,0,6801
Bihar,2006,1232,1084,1188,530,53,1689,42,13,909,0,0,6740
Chhattisgarh,2006,995,178,103,1598,143,717,1,13,9,0,0,3757
Goa,2006,21,10,0,18,7,14,0,26,0,0,0,96
Gujarat,2006,354,945,50,736,138,4977,0,78,1,0,0,7279
Haryana,2006,608,431,255,486,491,2254,0,85,7,0,0,4617
Himachal Pradesh,2006,113,109,3,275,31,259,0,0,2,0,0,792
Jammu & Kashmir,2006,250,723,10,960,347,135,0,5,2,0,0,2432
Jharkhand,2006,799,410,281,414,44,668,5,11,345,2,0,2979
Karnataka,2006,400,328,244,1683,38,2129,0,786,476,0,0,6084
Kerala,2006,601,202,25,2543,222,3708,0,189,5,59,0,7554
Madhya Pradesh,2006,2900,617,764,6243,762,2989,0,12,32,2,0,14321
Maharashtra,2006,1500,921,387,3479,984,6738,1,378,55,9,0,14452
Manipur,2006,40,79,0,42,0,10,0,0,0,0,0,171
Meghalaya,2006,74,25,6,57,0,13,0,1,0,0,0,176
Mizoram,2006,72,1,0,51,0,1,0,0,0,0,0,125
Nagaland,2006,23,3,0,3,2,3,0,9,0,0,0,43
Odisha,2006,985,577,457,2415,247,694,12,44,1394,0,0,6825
Punjab,2006,442,418,130,314,60,801,2,67,7,1,0,2242
Rajasthan,2006,1085,1553,394,2582,31,7038,3,143,3,102,0,12934
Sikkim,2006,20,7,0,14,0,6,0,0,0,0,0,47
Tamil Nadu,2006,457,718,187,1179,852,1248,0,1732,81,35,0,6489
Tripura,2006,189,62,35,207,0,471,0,0,0,0,0,964
Uttar Pradesh,2006,1314,2551,1798,2096,2714,5204,0,70,628,0,0,16375
Uttarakhand,2006,147,183,80,153,113,358,0,3,1,0,0,1038
West Bengal,2006,1731,1199,445,1837,63,7414,1,66,25,4,0,12785
A & N Islands,2006,6,5,0,14,4,7,0,0,0,0,0,36
Chandigarh,2006,19,57,10,20,13,102,0,3,0,0,0,224
D&N Haveli,2006,6,14,1,5,1,5,0,0,0,0,0,32
Daman & Diu,2006,3,1,0,2,0,2,0,1,0,0,0,9
Delhi UT,2006,623,1066,137,718,144,1728,0,112,15,1,0,4544
Lakshadweep,2006,0,0,0,0,0,1,0,0,0,0,0,1
Puducherry,2006,9,13,3,56,39,19,0,8,2,0,0,149
Andhra Pradesh,2007,1070,1564,613,4406,3316,11335,0,612,817,1005,0,24738
Arunachal Pradesh,2007,48,44,0,72,1,20,0,0,0,0,0,185
Assam,2007,1437,1471,100,789,10,3000,0,21,16,0,0,6844
Bihar,2007,1555,1260,1172,853,12,1635,56,27,978,0,0,7548
Chhattisgarh,2007,982,181,100,1549,111,824,0,14,14,0,0,3775
Goa,2007,20,7,2,20,7,14,0,10,0,0,0,80
Gujarat,2007,316,1089,42,822,120,5827,0,44,0,0,0,8260
Haryana,2007,488,554,269,417,409,2412,0,88,8,0,0,4645
Himachal Pradesh,2007,159,150,8,322,33,342,0,0,4,0,0,1018
Jammu & Kashmir,2007,288,707,9,986,353,176,0,1,1,0,0,2521
Jharkhand,2007,855,534,303,342,15,801,0,14,453,0,0,3317
Karnataka,2007,436,390,251,1828,28,2507,0,612,517,0,0,6569
Kerala,2007,512,177,27,2624,262,3999,0,201,9,26,0,7837
Madhya Pradesh,2007,3010,701,742,6772,780,3294,0,19,52,0,0,15370
Maharashtra,2007,1451,967,436,3306,1039,7356,0,322,45,2,0,14924
Manipur,2007,20,83,0,70,0,15,0,0,0,0,0,188
Meghalaya,2007,82,22,2,45,1,19,0,1,0,0,0,172
Mizoram,2007,83,0,0,66,0,2,0,0,0,0,0,151
Nagaland,2007,13,6,0,8,1,0,0,4,0,0,0,32
Odisha,2007,939,660,461,2775,241,728,0,40,1460,0,0,7304
Punjab,2007,519,545,133,427,48,971,0,45,6,0,0,2694
Rajasthan,2007,1238,1694,439,2477,28,8170,0,91,2,131,0,14270
Sikkim,2007,24,9,0,13,0,7,0,2,0,0,0,55
Tamil Nadu,2007,523,1097,208,1540,875,1976,0,1199,368,25,0,7811
Tripura,2007,157,81,36,244,4,545,0,0,0,0,0,1067
Uttar Pradesh,2007,1648,3363,2076,2522,2882,7650,0,49,803,0,0,20993
Uttarakhand,2007,117,227,70,146,63,463,0,9,2,0,0,1097
West Bengal,2007,2106,1590,451,2281,99,9900,5,62,40,10,0,16544
A & N Islands,2007,3,9,1,21,2,18,0,1,1,0,0,56
Chandigarh,2007,22,46,1,32,11,112,0,5,0,1,0,230
D&N Haveli,2007,7,6,0,0,0,3,0,2,0,0,0,18
Daman & Diu,2007,1,1,1,0,0,3,0,5,0,0,0,11
Delhi UT,2007,598,1167,138,868,167,1787,0,63,16,0,0,4804
Lakshadweep,2007,1,0,0,2,0,2,0,0,0,0,0,5
Puducherry,2007,9,14,2,89,32,17,0,5,11,0,0,179
Andhra Pradesh,2008,1257,1396,556,4730,3551,10306,0,357,1069,889,0,24111
Arunachal Pradesh,2008,42,47,0,72,1,13,0,0,0,0,0,175
Assam,2008,1438,1789,103,1272,2,3478,0,27,11,2,0,8122
Bihar,2008,1302,1789,1210,999,21,1992,22,39,1288,0,0,8662
Chhattisgarh,2008,978,216,106,1621,125,897,0,4,14,0,1,3962
Goa,2008,30,28,2,32,12,12,0,14,0,0,0,130
Gujarat,2008,374,1119,27,828,122,6094,0,52,0,0,0,8616
Haryana,2008,631,644,302,435,605,2435,0,77,13,0,0,5142
Himachal Pradesh,2008,157,137,3,295,41,343,0,1,2,0,0,979
Jammu & Kashmir,2008,219,656,21,935,296,162,0,4,2,0,0,2295
Jharkhand,2008,791,499,266,271,23,851,39,8,435,0,0,3183
Karnataka,2008,446,405,259,1954,44,2638,1,516,628,0,0,6891
Kerala,2008,568,166,31,2745,258,4138,0,187,5,19,0,8117
Madhya Pradesh,2008,2937,736,805,6445,758,3185,0,10,32,0,0,14908
Maharashtra,2008,1558,998,390,3619,1091,7829,0,327,49,1,0,15862
Manipur,2008,38,87,1,57,0,28,0,0,0,0,0,211
Meghalaya,2008,88,25,2,54,4,32,0,3,0,0,0,208
Mizoram,2008,77,1,0,78,0,5,0,1,0,0,0,162
Nagaland,2008,19,7,0,15,1,4,0,1,0,0,0,47
Odisha,2008,1113,762,401,2782,282,1618,0,29,1316,0,0,8303
Punjab,2008,517,514,128,388,49,984,0,43,4,0,0,2627
Rajasthan,2008,1355,1863,439,2520,19,8113,0,72,3,107,0,14491
Sikkim,2008,20,4,0,19,0,5,0,0,0,0,0,48
Tamil Nadu,2008,573,1160,207,1705,974,1648,0,687,262,4,0,7220
Tripura,2008,204,110,16,346,4,735,0,0,1,0,0,1416
Uttar Pradesh,2008,1871,4439,2237,2955,3374,8312,0,57,324,0,0,23569
Uttarakhand,2008,87,222,73,120,306,340,0,3,0,0,0,1151
West Bengal,2008,2263,1907,451,2396,94,13663,5,62,68,3,0,20912
A & N Islands,2008,12,13,2,24,3,26,0,0,0,0,0,80
Chandigarh,2008,20,42,3,19,2,49,0,7,1,0,0,143
D&N Haveli,2008,6,11,0,4,0,4,0,3,0,0,0,28
Daman & Diu,2008,0,1,0,2,1,5,0,6,0,0,0,15
Delhi UT,2008,466,1136,129,611,130,1387,0,60,19,0,0,3938
Lakshadweep,2008,2,1,0,0,0,1,0,0,0,0,0,4
Puducherry,2008,8,9,2,65,21,12,0,3,9,0,0,129
Andhra Pradesh,2009,1188,1526,546,5147,3520,11297,0,279,1362,704,0,25569
Arunachal Pradesh,2009,59,28,0,58,6,13,0,0,0,0,0,164
Assam,2009,1631,2092,170,1342,10,4398,1,37,40,0,0,9721
Bihar,2009,929,1986,1295,726,12,2532,31,40,1252,0,0,8803
Chhattisgarh,2009,976,229,128,1598,152,893,0,9,16,1,0,4002
Goa,2009,47,22,3,37,10,21,0,23,0,1,0,164
Gujarat,2009,433,1162,24,727,114,5506,0,41,2,0,0,8009
Haryana,2009,603,659,281,451,605,2617,0,90,6,0,0,5312
Himachal Pradesh,2009,183,122,1,318,37,284,0,5,4,0,0,954
Jammu & Kashmir,2009,237,825,12,972,371,196,0,6,3,2,0,2624
Jharkhand,2009,719,517,295,276,83,710,6,1,414,0,0,3021
Karnataka,2009,509,408,264,2186,64,3185,2,329,904,1,0,7852
Kerala,2009,568,173,20,2540,395,4007,0,314,8,24,0,8049
Madhya Pradesh,2009,2998,841,858,6307,728,3983,1,19,91,1,0,15827
Maharashtra,2009,1483,926,341,3196,1099,7681,0,271,50,1,0,15048
Manipur,2009,31,97,0,39,2,25,0,0,0,0,0,194
Meghalaya,2009,112,26,0,72,1,24,1,1,0,0,0,237
Mizoram,2009,83,0,0,61,1,4,0,1,0,0,0,150
Nagaland,2009,22,10,0,11,0,0,0,3,0,0,0,46
Odisha,2009,1023,799,384,2697,210,2047,1,14,945,0,0,8120
Punjab,2009,511,513,126,319,33,1061,0,59,9,0,0,2631
Rajasthan,2009,1519,2310,436,2485,24,10371,0,62,3,106,0,17316
Sikkim,2009,18,6,0,10,0,6,0,1,0,0,0,41
Tamil Nadu,2009,596,1133,194,1242,501,1460,0,716,207,2,0,6051
Tripura,2009,190,92,29,384,5,815,0,0,2,0,0,1517
Uttar Pradesh,2009,1759,5078,2232,2782,2524,8566,0,39,274,0,0,23254
Uttarakhand,2009,111,247,94,119,249,361,0,6,1,0,0,1188
West Bengal,2009,2336,2187,506,1942,108,16112,5,63,46,2,0,23307
A & N Islands,2009,18,14,1,30,7,21,0,1,0,0,0,92
Chandigarh,2009,29,36,2,26,2,51,0,4,0,0,0,150
D&N Haveli,2009,4,9,0,2,1,3,0,0,1,0,0,20
Daman & Diu,2009,1,0,0,4,1,3,0,4,0,0,0,13
Delhi UT,2009,469,1655,141,552,118,1283,0,27,6,0,0,4251
Lakshadweep,2009,1,0,0,0,0,0,0,0,0,0,0,1
Puducherry,2009,1,13,0,53,16,10,0,9,4,0,0,106
Andhra Pradesh,2010,1362,1531,588,4634,4562,12080,0,548,1186,753,0,27244
Arunachal Pradesh,2010,47,46,0,84,1,12,0,0,0,0,0,190
Assam,2010,1721,2767,175,1400,20,5410,0,25,37,0,0,11555
Bihar,2010,795,2569,1257,534,16,2271,8,24,997,0,0,8471
Chhattisgarh,2010,1012,279,115,1706,182,861,2,12,6,1,0,4176
Goa,2010,36,18,1,36,16,17,0,16,0,0,0,140
Gujarat,2010,408,1290,19,668,110,5600,0,46,7,0,0,8148
Haryana,2010,720,714,284,476,580,2720,0,57,11,0,0,5562
Himachal Pradesh,2010,160,162,2,350,78,275,0,1,0,0,0,1028
Jammu & Kashmir,2010,245,840,9,1038,262,211,0,4,2,0,0,2611
Jharkhand,2010,773,696,276,245,16,650,8,13,404,6,0,3087
Karnataka,2010,586,586,248,2544,83,3441,0,242,1077,0,0,8807
Kerala,2010,634,184,22,2936,537,4797,0,309,7,37,0,9463
Madhya Pradesh,2010,3135,1030,892,6646,918,3756,5,19,67,0,0,16468
Maharashtra,2010,1599,1124,393,3661,1180,7434,0,306,40,0,0,15737
Manipur,2010,34,107,0,31,0,18,0,0,0,0,0,190
Meghalaya,2010,149,37,0,48,0,24,0,3,0,0,0,261
Mizoram,2010,92,0,0,75,0,3,0,0,0,0,0,170
Nagaland,2010,16,6,0,13,3,1,0,2,0,0,0,41
Odisha,2010,1025,912,388,2905,232,2067,5,25,942,0,0,8501
Punjab,2010,546,576,121,349,38,1163,0,59,1,0,0,2853
Rajasthan,2010,1571,2477,462,2339,23,11145,0,82,3,80,0,18182
Sikkim,2010,18,6,1,11,0,3,0,3,0,0,0,42
Tamil Nadu,2010,686,1464,165,1405,638,1570,0,567,199,14,0,6708
Tripura,2010,238,91,25,376,9,937,0,1,1,0,0,1678
Uttar Pradesh,2010,1563,5468,2217,2793,11,7978,0,23,115,1,0,20169
Uttarakhand,2010,121,249,75,125,165,334,0,4,1,0,0,1074
West Bengal,2010,2311,2764,507,2465,163,17796,8,56,53,2,0,26125
A & N Islands,2010,24,8,0,31,10,9,0,3,0,0,0,85
Chandigarh,2010,31,28,5,29,4,41,0,3,0,0,0,141
D&N Haveli,2010,3,10,0,11,2,3,0,1,0,0,0,30
Daman & Diu,2010,1,2,0,2,0,3,0,6,0,0,0,14
Delhi UT,2010,507,1740,143,601,80,1404,0,28,15,0,0,4518
Lakshadweep,2010,0,0,0,0,0,0,0,0,0,1,0,1
Puducherry,2010,3,14,1,46,22,7,0,11,11,0,0,115
Andhra Pradesh,2011,1442,1612,599,4849,3658,13376,0,497,1899,314,0,28246
Arunachal Pradesh,2011,42,60,0,51,0,18,0,0,0,0,0,171
Assam,2011,1700,3192,121,1193,8,5246,2,21,19,1,0,11503
Bihar,2011,934,3050,1413,790,11,2607,10,23,1393,0,0,10231
Chhattisgarh,2011,1053,365,104,1654,174,834,2,15,18,0,0,4219
Goa,2011,29,17,1,29,12,18,0,18,0,3,0,127
Gujarat,2011,439,1442,30,685,93,6052,0,46,28,0,0,8815
Haryana,2011,733,733,255,474,490,2740,0,57,9,0,0,5491
Himachal Pradesh,2011,168,191,4,331,62,239,0,2,0,0,0,997
Jammu & Kashmir,2011,277,1023,11,1194,350,286,0,2,3,0,0,3146
Jharkhand,2011,784,660,282,317,7,659,6,15,402,0,0,3132
Karnataka,2011,636,715,267,2608,81,3712,12,351,1210,2,0,9594
Kerala,2011,1132,221,15,3756,573,5377,0,197,5,12,0,11288
Madhya Pradesh,2011,3406,1088,811,6665,762,3732,45,24,66,0,0,16599
Maharashtra,2011,1701,1252,339,3794,1071,7136,0,390,44,1,0,15728
Manipur,2011,53,116,1,38,0,39,0,0,0,0,0,247
Meghalaya,2011,130,37,1,74,1,21,3,2,0,0,0,269
Mizoram,2011,77,0,0,72,1,9,0,8,0,0,0,167
Nagaland,2011,23,3,0,9,0,1,0,2,0,0,0,38
Odisha,2011,1112,1008,465,3207,235,2320,0,23,1062,1,0,9433
Punjab,2011,479,517,143,282,31,1136,0,50,3,0,0,2641
Rajasthan,2011,1800,2713,514,2447,9,12218,0,81,4,102,0,19888
Sikkim,2011,16,10,0,24,0,4,0,1,0,0,0,55
Tamil Nadu,2011,677,1743,152,1467,464,1812,0,420,195,10,0,6940
Tripura,2011,205,116,30,294,9,702,0,2,0,0,0,1358
Uttar Pradesh,2011,2042,7525,2322,3455,3,7121,0,43,124,4,0,22639
Uttarakhand,2011,129,283,83,116,72,307,0,3,3,0,0,996
West Bengal,2011,2363,3711,510,2363,200,19772,0,96,116,2,0,29133
A & N Islands,2011,13,12,0,15,3,5,0,3,0,0,0,51
Chandigarh,2011,27,46,2,21,12,46,0,1,1,0,0,156
D&N Haveli,2011,4,8,0,2,0,3,0,1,0,0,0,18
Daman & Diu,2011,1,2,0,0,0,2,0,6,0,0,0,11
Delhi UT,2011,572,2085,142,657,162,1575,0,33,7,1,0,5234
Lakshadweep,2011,0,0,0,0,0,0,0,0,0,0,0,0
Puducherry,2011,7,9,1,35,16,10,0,3,8,0,0,89
Andhra Pradesh,2012,1341,1403,504,4816,3714,13389,0,472,2511,21,0,28171
Arunachal Pradesh,2012,46,58,1,67,2,26,0,1,0,0,0,201
Assam,2012,1716,3360,140,1840,5,6407,2,30,41,3,0,13544
Bihar,2012,927,3789,1275,118,37,3686,4,35,1353,5,0,11229
Chhattisgarh,2012,1034,350,81,1601,162,980,0,5,14,1,0,4228
Goa,2012,55,16,0,49,16,24,0,40,0,0,0,200
Gujarat,2012,473,1527,21,745,93,6658,0,44,0,0,0,9561
Haryana,2012,668,900,258,525,434,3137,0,69,9,2,0,6002
Himachal Pradesh,2012,183,152,2,250,68,251,0,6,0,0,0,912
Jammu & Kashmir,2012,303,1041,8,1322,347,301,0,3,3,0,0,3328
Jharkhand,2012,812,786,302,284,10,1261,3,12,1066,0,0,4536
Karnataka,2012,621,1070,218,2978,100,3684,32,335,1328,0,0,10366
Kerala,2012,1019,214,32,3735,498,5216,0,210,3,3,0,10930
Madhya Pradesh,2012,3425,1127,743,6655,774,3988,6,13,101,0,0,16832
Maharashtra,2012,1839,1140,329,3935,1294,7415,0,366,33,2,0,16353
Manipur,2012,63,133,0,49,1,43,0,15,0,0,0,304
Meghalaya,2012,164,24,1,43,0,16,0,7,0,0,0,255
Mizoram,2012,103,3,0,85,0,8,0,0,0,0,0,199
Nagaland,2012,21,10,0,16,0,0,0,4,0,0,0,51
Odisha,2012,1458,1364,525,4187,304,2638,0,24,1487,1,0,11988
Punjab,2012,680,689,118,340,31,1293,0,86,1,0,0,3238
Rajasthan,2012,2049,2697,478,2352,18,13312,0,99,39,62,0,21106
Sikkim,2012,34,10,1,19,0,4,0,0,0,0,0,68
Tamil Nadu,2012,737,1693,110,1494,382,1965,0,500,277,34,0,7192
Tripura,2012,229,114,37,314,7,858,0,0,0,0,0,1559
Uttar Pradesh,2012,1963,7910,2244,3247,8,7661,0,31,505,0,0,23569
Uttarakhand,2012,148,256,71,139,73,368,0,12,0,0,0,1067
West Bengal,2012,2046,4168,593,3345,556,19865,12,109,241,7,0,30942
A & N Islands,2012,12,7,2,17,4,5,0,2,0,0,0,49
Chandigarh,2012,27,66,5,45,25,73,0,0,0,0,0,241
D&N Haveli,2012,3,9,0,2,0,0,0,2,0,0,0,16
Daman & Diu,2012,5,0,0,0,0,3,0,3,0,0,0,11
Delhi UT,2012,706,2160,134,727,208,1985,0,24,15,0,0,5959
Lakshadweep,2012,0,0,0,1,0,1,0,0,0,0,0,2
Puducherry,2012,13,16,0,9,2,6,0,4,11,0,0,61
Andhra Pradesh,2013,1635,1595,492,6930,4702,15084,0,489,1631,251,0,32809
Arunachal Pradesh,2013,75,86,0,93,3,29,0,2,0,0,0,288
Assam,2013,1937,4222,170,2409,14,8636,2,18,40,1,0,17449
Bihar,2013,1128,4419,1182,331,52,4533,7,64,1893,0,0,13609
Chhattisgarh,2013,1380,1881,109,2261,180,1181,1,8,11,0,0,7012
Goa,2013,86,70,0,162,54,40,0,28,0,0,0,440
Gujarat,2013,732,2230,29,1243,77,7812,0,76,84,0,0,12283
Haryana,2013,971,1957,263,1560,643,3617,2,63,13,0,0,9089
Himachal Pradesh,2013,250,290,0,493,111,328,0,4,2,0,0,1478
Jammu & Kashmir,2013,378,949,7,1389,354,428,0,1,3,0,0,3509
Jharkhand,2013,1204,926,307,524,18,2084,2,11,1428,2,0,6506
Karnataka,2013,1030,1359,277,3913,137,3276,0,340,1693,2,0,12027
Kerala,2013,1221,185,21,4362,404,4820,0,180,3,20,0,11216
Madhya Pradesh,2013,4335,2873,776,8252,736,4988,7,22,72,0,0,22061
Maharashtra,2013,3063,1874,320,8132,2632,8542,0,289,43,0,0,24895
Manipur,2013,72,125,0,59,0,29,0,0,0,0,0,285
Meghalaya,2013,183,33,2,98,0,23,0,4,0,0,0,343
Mizoram,2013,89,2,0,81,0,5,0,0,0,0,0,177
Nagaland,2013,31,11,1,18,1,4,0,1,0,0,0,67
Odisha,2013,1832,2067,395,4618,426,2792,0,27,2014,2,0,14173
Punjab,2013,888,987,126,1045,67,1741,0,137,3,0,0,4994
Rajasthan,2013,3285,4047,453,4829,25,15094,1,74,57,68,0,27933
Sikkim,2013,43,16,0,29,0,5,0,0,0,0,0,93
Tamil Nadu,2013,923,1516,118,1271,313,2471,0,549,305,9,0,7475
Tripura,2013,233,124,29,407,7,827,0,0,1,0,0,1628
Uttar Pradesh,2013,3050,9737,2335,7303,25,8781,0,37,1277,1,0,32546
Uttarakhand,2013,228,633,43,295,72,435,0,13,0,0,0,1719
West Bengal,2013,1685,3830,481,4913,577,18116,9,104,107,4,0,29826
A & N Islands,2013,27,12,1,45,8,9,0,4,0,0,0,106
Chandigarh,2013,45,174,1,143,26,92,0,6,0,1,0,488
D&N Haveli,2013,5,11,0,1,1,1,0,2,0,0,0,21
Daman & Diu,2013,8,6,0,2,0,2,0,6,0,0,0,24
Delhi UT,2013,1636,3609,144,3515,916,3033,0,20,15,0,0,12888
Lakshadweep,2013,2,0,0,1,0,0,0,0,0,0,0,3
Puducherry,2013,17,25,1,12,8,8,0,0,14,1,0,86
Andhra Pradesh,2014,961,721,215,4547,2649,6362,0,204,468,3,0,16130
Arunachal Pradesh,2014,83,91,1,121,3,42,0,0,0,0,0,341
Assam,2014,1980,3895,188,3099,1,9626,1,29,92,0,0,18911
Bihar,2014,1127,4735,1373,572,69,4672,5,31,2203,0,0,14787
Chhattisgarh,2014,1436,1393,128,2122,79,964,0,2,8,0,0,6132
Goa,2014,95,86,0,202,57,35,0,9,0,0,0,484
Gujarat,2014,841,2187,23,1352,173,5991,0,45,53,0,0,10665
Haryana,2014,1174,1922,293,1688,102,3478,0,43,13,1,0,8714
Himachal Pradesh,2014,283,227,1,538,60,325,0,5,2,0,0,1441
Jammu & Kashmir,2014,331,813,5,1421,237,467,0,1,1,0,0,3276
Jharkhand,2014,1050,885,350,440,18,1462,2,11,1538,2,0,5758
Karnataka,2014,1324,1457,313,5263,170,3025,0,388,1730,0,0,13670
Kerala,2014,1347,143,28,4367,257,4919,0,91,3,11,0,11166
Madhya Pradesh,2014,5076,5688,733,9609,429,6451,0,15,113,0,0,28114
Maharashtra,2014,3438,2457,279,10001,1575,7696,1,202,39,0,0,25688
Manipur,2014,75,121,1,98,0,41,0,0,0,0,0,336
Meghalaya,2014,118,38,1,105,54,42,0,3,1,0,0,362
Mizoram,2014,120,3,0,97,29,8,0,0,0,0,0,257
Nagaland,2014,30,13,0,16,1,3,0,1,0,0,0,64
Odisha,2014,1978,2436,441,5543,379,3114,0,32,646,0,0,14569
Punjab,2014,981,1176,90,1113,35,1681,0,63,5,1,0,5145
Rajasthan,2014,3759,4421,408,5999,18,15905,0,78,12,18,0,30618
Sikkim,2014,47,12,0,34,3,5,0,0,0,0,0,101
Tamil Nadu,2014,455,1502,95,1102,229,2103,0,471,292,4,0,6253
Telangana,2014,979,711,289,3188,1142,6369,0,192,563,2,0,13435
Tripura,2014,239,102,33,492,11,702,0,0,1,0,0,1580
Uttar Pradesh,2014,3467,10626,2469,8605,29,10471,0,37,2133,1,0,37838
Uttarakhand,2014,270,275,38,343,4,301,0,19,104,0,0,1354
West Bengal,2014,1466,4976,501,5670,543,23278,4,80,1,4,0,36523
A & N Islands,2014,32,17,3,41,5,14,0,1,2,0,0,115
Chandigarh,2014,59,133,2,87,2,141,0,0,0,0,0,424
D&N Haveli,2014,5,7,0,2,1,6,0,0,0,0,0,21
Daman & Diu,2014,2,1,0,3,0,1,0,8,0,0,0,15
Delhi UT,2014,2096,4034,153,4322,1361,3173,0,8,28,0,0,15175
Lakshadweep,2014,1,0,0,1,2,0,0,0,0,0,0,4
Puducherry,2014,10,7,1,32,8,4,0,1,0,0,0,63
Andhra Pradesh,2015,1027,684,174,4616,2200,6121,0,204,303,12,0,15341
Arunachal Pradesh,2015,71,128,0,101,2,66,0,2,0,0,0,370
Assam,2015,1733,5039,216,4293,111,11225,0,47,95,0,0,22759
Bihar,2015,1041,5158,1154,198,96,3792,0,21,1867,0,0,13327
Chhattisgarh,2015,1560,1354,89,1868,53,620,0,4,10,0,0,5558
Goa,2015,86,70,0,150,34,19,0,3,0,0,0,362
Gujarat,2015,503,1569,12,1164,73,4133,0,35,36,0,0,7525
Haryana,2015,1070,2336,243,1886,90,3525,0,44,14,0,0,9208
Himachal Pradesh,2015,244,239,2,434,58,226,0,6,0,0,0,1209
Jammu & Kashmir,2015,296,1071,6,1343,175,400,0,0,1,0,0,3292
Jharkhand,2015,1053,930,267,844,10,1654,0,3,1552,0,0,6313
Karnataka,2015,589,1611,254,5112,154,2732,0,420,1541,2,0,12415
Kerala,2015,1256,192,8,3987,267,3668,0,135,4,4,0,9521
Madhya Pradesh,2015,4391,4547,664,8049,390,5281,0,25,62,1,0,23410
Maharashtra,2015,4144,5096,268,11713,1119,7640,0,381,42,0,0,30403
Manipur,2015,46,94,0,84,2,39,0,0,0,0,0,265
Meghalaya,2015,93,58,1,95,20,44,0,0,0,0,0,311
Mizoram,2015,58,8,0,75,2,9,0,0,0,0,0,152
Nagaland,2015,35,30,0,8,9,4,0,3,0,0,0,89
Odisha,2015,2251,2587,356,6499,472,3605,0,35,1201,0,0,17006
Punjab,2015,886,1253,85,1123,27,1583,0,69,8,1,0,5035
Rajasthan,2015,3644,4167,463,4813,9,14383,0,86,9,9,0,27583
Sikkim,2015,5,21,1,21,2,2,0,0,0,0,0,52
Tamil Nadu,2015,421,1335,65,1163,20,1900,0,491,333,7,0,5735
Telangana,2015,1105,648,262,3608,1288,7329,0,252,2,2,0,14496
Tripura,2015,213,120,28,352,6,501,0,2,0,0,0,1222
Uttar Pradesh,2015,3025,10135,2335,7885,11,8660,0,33,2766,0,0,34850
Uttarakhand,2015,283,336,54,318,12,407,2,18,12,0,0,1442
West Bengal,2015,1199,3938,498,5069,455,20163,4,101,4,1,0,31432
A & N Islands,2015,36,21,0,57,5,14,0,0,0,0,0,133
Chandigarh,2015,72,165,5,76,10,126,0,0,0,0,0,454
D&N Haveli,2015,8,9,1,5,0,2,0,0,0,0,0,25
Daman & Diu,2015,5,13,0,7,0,3,0,0,0,0,0,28
Delhi UT,2015,2199,4301,122,5367,1492,3521,0,3,20,0,0,17025
Lakshadweep,2015,0,0,0,6,1,2,0,0,0,0,0,9
Puducherry,2015,3,14,1,33,10,4,0,1,12,1,0,79
